1004884047
1004884049
1004884051
1004884053
1004884057
1004884059
1004884063
1004884067
1004884069
1004884071
1004884075
1004884077
1004884079
1004884081
1004884083
1004884087
1004884089
1004884093
1004884095
1004895844
1004895860
1004895864
1004895866
1004895868
1004895870
1004895872
1004905822
1004905824
1004905826
1004905828
1004905830
1004905832
1004905834
1004905836
1004905838
1004912133
1004912135
1004912137
1004912141
1004913355
1004913357
1004913359
1004913361
1004913363
1004913365
1004913367
1004913369
1004913371
1004913373
1004913375
1004913377
1004913381
1004913383
1004913385
1004913387
1004913389
1004913391
1004915698
1004967165
1004968133
1004979236
1004979238
1004979240
1004979242
1004979244
1004979246
1004979248
1004979250
1004979252
1004979254
1004979256
1004979258
1004979260
1004979262
1004979264
1004979266
1004979268
1004979270
1004979272
1004979274
1004979276
1004979278
1004997308
1004997309
1004997310
1004997311
1004997312
1004997313
1004997314
1004997315
1004997316
1004997317
1004997318
1004997319
1004997320
1004997321
1004997322
1004997323
1004997324
1004997325
1004997326
1004997327
1004997328
1004997329
1004997330
1004997331
1004997332
1004997333
1004997334
1004997335
1004997336
1004997337
1004997338
1004997339
1004997340
1004997341
1004997342
1004997343
1004997344
1004997345
1004997346
1004997347
1004997348
1004997349
1004997350
1004997351
1004997352
1004997353
1004997354
1004997355
1004997356
1004997357
1004997358
1004997359
1004997360
1004997361
1004997362
1004997363
1004997364
1004997365
1004997366
1004997367
1004997368
1004997369
1004997370
1004997371
1004997372
1004997373
1004997374
1004997375
1004997376
1004997377
1004997378
1004997379
1004997380
1004997381
1004997382
1004997383
1004997384
1004997385
1004997386
1004997387
1004997388
1004997389
1004997390
1004997391
1004997392
1004997393
1004997394
1004997395
1004997396
1004997397
1004997398
1004997399
1004997400
1004997401
1004997402
1004997403
1004997404
1004997405
1005009200
1005009201
1005024042
1005024044
1005024046
1005024048
1005024050
1005024052
1005024054
1005024056
1005024058
1005024060
1005024062
1005024064
1005024066
1005024068
1005024070
1005024072
1005024074
1005024076
1005024078
1005024080
1005024082
1005024084
1005024086
1005024088
1005024090
1005024092
1005024094
1005024096
1005024098
1005024100
1005024102
1005024104
1005024106
1005024108
1005024110
1005024112
1005024114
1005024116
1005024118
1005024120
1005024122
1005024126
1005024128
1005024130
1005024132
1005024134
1005024136
1005024138
1005024140
1005024142
1005339196
1005339197
1005339198
1005339199
1005339200
1005339201
1005339202
1005339203
1005339204
1005339205
1005339206
1005339207
1005339208
1005339209
1005339343
1005339344
1005339345
1005339346
1005339347
1005339348
1005339349
1005339350
1005339351
1005339352
1005339353
1005339354
1005339355
1005339356
1005339357
1005339358
1005339359
1005339360
1005339361
1005339362
1005339363
1005339364
1005339365
1005339366
1005339367
1005339368
1005339369
1005339370
1005339371
1005339372
1005339373
1005339374
1005339375
1005339376
1005339377
1005339378
1005339379
1005339380
1005339381
1005339382
1005339383
1005339384
1005339385
1005339386
1005339387
1005339388
1005339389
1005339390
1005339391
1005339392
1005339393
1005339394
1005339395
1005339396
1005339397
1005339398
1005339399
1005339400
1005339401
1005339402
1005339403
1005339404
1005339405
1005339406
1005339407
1005339408
1005339409
1005339410
1005339411
1005339412
1005339413
1005339414
1005339415
1005339416
1005339417
1005339418
1005339419
1005339420
1005339421
1005339422
1005339423
1005339424
1005339425
1005339426
1005342443
1005342444
1005342445
1005342446
1005342447
1005342448
1005342449
1005342450
1005342451
1005342452
1005342453
1005342454
1005342455
1005342456
1005342457
1005342458
1005342459
1005342460
1005342461
1005342462
1005342463
1005342464
1005342465
1005342466
1005342468
1005342469
1005342470
1005342471
1005342472
1005342473
1005342474
1005342475
1005342476
1005342477
1005342478
1005342479
1005342480
1005342481
1005342482
1005342483
1005342484
1005342485
1005342486
1005342487
1005342488
1005342489
1005342490
1005342491
1005342492
1005342493
1005342494
1005342495
1005342496
1005342497
1005342498
1005342499
1005342500
1005342501
1005342502
1005342503
1005342504
1005342505
1005342506
1005342507
1005342508
1005342509
1005342510
1005342511
1005342513
1005342514
1005342515
1005342516
1005342517
1005342518
1005342519
1005342520
1005342521
1005342522
1005342523
1005342524
1005342525
1005342526
1005342527
1005342528
1005342529
1005342530
1005342531
1005342532
1005342533
1005342534
1005342535
1005342536
1005342537
1005342538
1005342539
1005342540
1005342541
1005342542
1005342543
1005342544
1005342545
1005342546
1005342547
1005342548
1005342549
1005342550
1005342551
1005342552
1005342553
1005342554
1005342555
1005342556
1005342557
1005342558
1005342559
1005342560
1005342561
1005342562
1005342563
1005342564
1005342565
1005342566
1005342567
1005342568
1005342569
1005342570
1005342571
1005342572
1005342573
1005342574
1005342575
1005342576
1005342577
1005342578
1005342579
1005342580
1005342581
1005342582
1005342583
1005342584
1005342585
1005342586
1005342587
1005342588
1005342589
1005342590
1005342591
1005342592
1005342593
1005342594
1005342595
1005342596
1005342597
1005342598
1005342599
1005342600
1005342601
1005342602
1005342603
1005342604
1005342605
1005342606
1005342607
1005342608
1005342609
1005342610
1005342611
1005342612
1005342613
1005342614
1005342615
1005342616
1005342617
1005342618
1005342619
1005342620
1005342621
1005342622
1005342623
1005342624
1005342625
1005342626
1005342627
1005342628
1005342629
1005342630
1005342631
1005342632
1005342633
1005342634
1005342635
1005342636
1005342637
1005342638
1005342639
1005342640
1005342641
1005342642
1005342643
1005342644
1005342645
1005342646
1005342647
1005342648
1005342649
1005342650
1005342651
1005342652
1005342653
1005342654
1005342655
1005342656
1005342657
1005342658
1005342659
1005342660
1005342661
1005342662
1005342663
1005342664
1005342665
1005342666
1005342667
1005342668
1005342669
1005342670
1005342671
1005342672
1005342673
1005342674
1005342675
1005342676
1005342677
1005342678
1005342679
1005342680
1005342681
1005342682
1005342683
1005342684
1005342685
1005342686
1005342687
1005342688
1005342689
1005342690
1005342691
1005342692
1005342693
1005342694
1005342695
1005342696
1005342697
1005342698
1005342699
1005342700
1005342701
1005342702
1005342703
1005342704
1005342705
1005342706
1005342707
1005342708
1005342709
1005342710
1005024124
1005024144
1005024146
1005024148
1005024150
1005024152
1005024154
1005024156
1005024158
1005024160
1005024162
1005024164
1005024166
1005024168
1005024170
1005024172
1005024174
1005024176
1005024178
1005024180
1005024182
1005024184
1005024186
1005024188
1005024190
1005339210
1005339211
1005339212
1005339213
1005339214
1005339215
1005339216
1005339217
1005339218
1005339219
1005339220
1005339221
1005339222
1005339223
1005339224
1005339225
1005339226
1005339227
1005339228
1005339229
1005339230
1005339231
1005339232
1005339233
1005339234
1005339235
1005339236
1005339237
1005339238
1005339239
1005339240
1005339241
1005339242
1005339243
1005339244
1005339245
1005339246
1005339247
1005339248
1005339249
1005339250
1005339251
1005339252
1005339253
1005339254
1005339255
1005339256
1005339257
1005339258
1005339259
1005339260
1005339261
1005339262
1005339263
1005339264
1005339265
1005339266
1005339267
1005339268
1005339269
1005339270
1005339271
1005339272
1005339273
1005339274
1005339275
1005339276
1005339277
1005339278
1005339279
1005339280
1005339281
1005339282
1005339283
1005339284
1005339285
1005339286
1005339287
1005339288
1005339289
1005339290
1005339291
1005339292
1005339293
1005339294
1005339295
1005339296
1005339297
1005339298
1005339299
1005339300
1005339301
1005339302
1005339303
1005339304
1005339305
1005339306
1005339307
1005339308
1005339309
1005339310
1005339311
1005339312
1005339313
1005339314
1005339315
1005339316
1005339317
1005339318
1005339319
1005339320
1005339321
1005339322
1005339323
1005339324
1005339325
1005339326
1005339327
1005339328
1005339329
1005339330
1005339331
1005339332
1005339333
1005339334
1005339335
1005339336
1005339337
1005339338
1005339339
1005339340
1005339341
1005339342
