First matrix:
     94     55     72
     26     37     74
     14     14     31
     72     50     90
     38     36     31
     31     62     24
     62     71     12
Second matrix:
      8     40     11     99     90     25      4     91
     12     28     51     22     48     96     28     65
     45     22      7     27     20     40     92     20
Result matrix:
   4652   6884   4343  12460  12540  10510   8540  13569
   3982   3704   2691   5386   5596   7162   7948   6251
   1675   1634   1085   2531   2552   2934   3300   2804
   5226   6260   3972  10658  10680  10200   9968  11602
   2131   3210   2471   5391   5768   5646   4012   6418
   2072   3504   3671   5081   6246   7687   4068   7331
   1888   4732   4387   8024   9228   8846   3340  10497
