1004542236
1004542238
1004542240
1004542242
1004542244
1004542246
1004542248
1004542266
1004542268
1004542270
1004542272
1004542274
1004542276
1004542278
1004542280
1004542282
1004542284
1004542286
1004542288
1004542290
1004542292
1004542294
1004542296
1004553113
1004553116
1004531224
1004531226
1004531234
1004531244
1004531246
1004531260
1004531262
1004531264
1004531272
1004531274
1004531288
1004531290
1004531292
1004531294
1004531296
1004531298
1004531308
1004531316
1004531320
1004531326
1004531334
1004531346
1004531348
1004531350
1004531352
1004542250
1004542252
1004542254
1004542256
1004542258
1004542260
1004542262
1004542264
1004531228
1004531230
1004531232
1004531238
1004531242
1004531248
1004531250
1004531252
1004531254
1004531256
1004531266
1004531270
1004531276
1004531278
1004531282
1004531300
1004531302
1004531306
1004531322
1004531324
1004531330
1004531332
1004531340
1004531344
1004553112
1004531240
1004531258
1004531268
1004531280
1004531284
1004531286
1004531304
1004531310
1004531312
1004531314
1004531328
1004531336
1004531338
1004531342
1004531354
1004531356
1004564904
1004564912
1004564914
1004564916
1004564918
1004531236
1004564906
1004822473
1004822475
1004822483
1004822469
1004822471
1004822487
1004865165
1004865166
1004895830
1004895836
1004895858
1004895862
1004913070
1004913072
1004913074
1004913076
1004913078
1004913080
1004913082
1004913084
1004913086
1004913088
1004913090
1004913092
1004913094
1004913096
1004913098
1004913100
1004913102
1004913104
1004913106
1004913108
1004913110
1004913112
1004913114
1004913116
1004822479
1004822481
1004913118
1004913020
1004913022
1004913024
1004913026
1004913028
1004913030
1004913032
1004913034
1004913036
1004913038
1004913040
1004913042
1004913044
1004913046
1004913048
1004913050
1004913052
1004913054
1004913056
1004913058
1004913060
1004913062
1004913064
1004913066
1004913068
1004913170
1004913172
1004913174
1004913176
1004913178
1004913180
1004913182
1004913184
1004913186
1004913188
1004913190
1004913192
1004913194
1004913196
1004913198
1004913200
1004915666
1004915667
1004915668
1004915669
1004915670
1004915671
1004915672
1004915674
1004915676
1004915678
1004915680
1004915682
1004915684
1004915686
1004915688
1004915690
1004915692
1004915694
1004915696
1004915700
1004915702
1004915704
1004915706
1004915708
1004915710
1004915712
1004915714
1004915716
1004915718
1004915720
1004915722
1004915724
1004915726
1004915728
1004915730
1004915732
1004915734
1004915736
1004915738
1004915740
1004915742
1004915744
1004915746
1004915748
1004915750
1004915752
1004915754
1004915756
1004915758
1004915760
1004915762
1004915764
1004915766
1004915768
1004915770
1004915772
1004915774
1004915776
1004915778
1004915780
1004915782
1004915784
1004915786
1004915788
1004915790
1004915792
1004915794
1004915796
1004915798
1004915800
1004913120
1004913122
1004913124
1004913126
1004913128
1004913130
1004913132
1004913134
1004913136
1004913138
1004913140
1004913142
1004913144
1004913146
1004913148
1004913150
1004913152
1004913154
1004913156
1004913158
1004913160
1004913162
1004913164
1004913166
1004913168
1004919965
1004968123
1004919587
1004919588
1004919589
1004919590
1004919591
1004919592
1004919593
1004919594
1004919596
1004919597
1004919598
1004919599
1004919600
1004919601
1004919602
1004919603
1004919604
1004919605
1004919606
1004919607
1004919608
1004919609
1004919610
1004919611
1004919612
1004919613
1004919614
1004919615
1004919616
1004919617
1004919618
1004919619
1004919620
1004919621
1004919622
1004919623
1004919624
1004919625
1004919626
1004919627
1004919628
1004919629
1004919630
1004919631
1004919632
1004919633
1004919634
1004919635
1004919636
1004919637
1004968119
1004968120
1004968127
1004968128
1004968129
1004968130
1004968131
1004968132
1004895824
1004895826
1004895828
1004895832
1004895834
1004895838
1004895840
1004895842
1004895846
1004895848
1004895850
1004895852
1004895854
1004895856
1004895860
1004895864
1004895868
1004895870
1004895872
1004905822
1004905824
1004905826
1004905828
1004905830
1004905832
1004905834
1004905836
1004905838
1004912135
1004912137
1004912141
1004913355
1004913357
1004913359
1004913365
1004913367
1004913369
1004913371
1004913373
1004913375
1004913377
1004913381
1004913383
1004913385
1004913387
1004913389
1004913391
1004964085
1004964086
1004964087
1004964089
1004964090
1004964091
1004964092
1004964093
1004964094
1004964095
1004964096
1004964097
1004964098
1004964099
1004964100
1004964101
1004964102
1004964103
1004964104
1004964105
1004964106
1004964107
1004964108
1004964109
1004964110
1004964111
1004964112
1004964113
1004964114
1004964115
1004964116
1004964117
1004964118
1004964119
1004964120
1004964121
1004964122
1004964123
1004964124
1004964125
1004964126
1004964127
1004964128
1004964129
1004964130
1004964131
1004964133
1004964134
1004964135
1004964136
1004964137
1004964138
1004964139
1004964140
1004964141
1004964142
1004964143
1004964144
1004964145
1004964146
1004964147
1004964148
1004964149
1004964150
1004964151
1004964152
1004964153
1004964154
1004964155
1004964156
1004964158
1004964159
1004964160
1004964161
1004964162
1004964163
1004964164
1004964165
1004964167
1004964168
1004964170
1004964171
1004964172
1004964173
1004964174
1004964175
1004964176
1004964177
1004964178
1004964179
1004964180
1004964181
1004964182
1004964183
1004964184
1004964185
1004964187
1004964188
1004964189
1004964190
1004964191
1004964192
1004964193
1004964194
1004964195
1004964196
1004964197
1004964198
1004964199
1004964200
1004964201
1004964202
1004964203
1004964204
1004964205
1004967069
1004967071
1004967072
1004967073
1004967074
1004967075
1004967076
1004967077
1004967078
1004967079
1004967080
1004967081
1004967082
1004967083
1004967084
1004967085
1004967086
1004967087
1004967088
1004967089
1004967090
1004967091
1004967092
1004967093
1004967102
1004967103
1004967104
1004967105
1004967106
1004967107
1004967108
1004967109
1004967110
1004967111
1004967112
1004967113
1004967114
1004967115
1004967116
1004967117
1004967118
1004967119
1004967120
1004967121
1004967122
1004967123
1004967124
1004967125
1004967126
1004967127
1004967128
1004967129
1004967130
1004967131
1004967132
1004967133
1004967134
1004967135
1004967136
1004967137
1004967138
1004967139
1004967140
1004967141
1004967142
1004967143
1004967144
1004967145
1004967146
1004967147
1004967148
1004967149
1004967150
1004967151
1004967152
1004967153
1004967154
1004967155
1004967156
1004967157
1004967158
1004967159
1004967160
1004967829
1004967830
1004967831
1004967832
1004967833
1004967834
1004967835
1004967836
1004967837
1004967838
1004967839
1004967840
1004967841
1004967842
1004967843
1004967844
1004967845
1004967846
1004967847
1004967848
1004967849
1004967850
1004967851
1004967852
1004967853
1004967854
1004967855
1004967856
1004967857
1004967858
1004967859
1004967860
1004967861
1004967862
1004967863
1004967864
1004967865
1004967866
1004967867
1004967868
1004967869
1004967870
1004967871
1004967872
1004967873
1004967874
1004967875
1004967876
1004967877
1004967878
1004967879
1004967880
1004967881
1004967882
1004967883
1004967884
1004967885
1004967886
1004967887
1004967888
1004967889
1004969394
1004969395
1004969396
1004969397
1004969398
1004969399
1004969400
1004969401
1004969402
1004969403
1004969404
1004969405
1004969406
1004969407
1004969408
1004969409
1004969410
1004969412
1004969413
1004969414
1004969415
1004969416
1004969417
1004969418
1004969420
1004969421
1004969422
1004969424
1004969425
1004969426
1004969427
1004969428
1004969429
1004969430
1004969431
1004969432
1004969433
1004969434
1004969435
1004969436
1004969437
1004969438
1004969439
1004969440
1004969441
1004969442
1004969443
1004969444
1004969445
1004969446
1004969447
1004969448
1004969449
1004969450
1004969451
1004969452
1004969453
1004969454
1004969455
1004969456
1004969457
1004969458
1004969459
1004969460
1004969461
1004969462
1004969463
1004969464
1004969465
1004969466
1004969467
1004969468
1004969469
1004969470
1004969471
1004969472
1004969473
1004969474
1004969475
1004969476
1004969477
1004969478
1004969479
1004969480
1004969481
1004969483
1004969484
1004969485
1004969486
1004969487
1004969488
1004969489
1004969490
1004969491
1004969492
1004969493
1004969494
1004969495
1004969496
1004969497
1004969498
1004969499
1004969500
1004969501
1004969502
1004969503
1004969504
1004969505
1004969506
1004969507
1004969508
1004969509
1004969510
1004969511
1004969512
1004969513
1004969514
1004969515
1004969516
1004969517
1004969518
1004969519
1004969520
1004969521
1004969522
1004969523
1004969524
1004969525
1004969526
1004969527
1004969529
1004969530
1004969531
1004969532
1004969533
1004969534
1004969536
1004969537
1004969538
1004969539
1004969540
1004969541
1004969542
1004969543
1004969544
1004969545
1004969546
1004969547
1004969548
1004969549
1004969550
1004969551
1004969552
1004969553
1004969554
1004969555
1004969556
1004969557
1004969558
1004969559
1004969560
1004969561
1004969562
1004969563
1004969564
1004969565
1004969566
1004969567
1004969568
1004969569
1004969570
1004969571
1004969572
1004969573
1004969574
1004969575
1004969576
1004969577
1004969578
1004969579
1004969580
1004969581
1004969582
1004969583
1004969584
1004969585
1004969586
1004969587
1004969588
1004969589
1004969590
1004969591
1004969592
1004969593
1004969594
1004969595
1004969596
1004969597
1004969598
1004969599
1004969600
1004969601
1004969602
1004969603
1004969604
1004969605
1004969606
1004969607
1004969608
1004969609
1004969610
1004969611
1004969612
1004969613
1004969614
1004969615
1004969616
1004969617
1004969618
1004969619
1004969620
1004969621
1004969622
1004969623
1004969624
1004969625
1004969626
1004969627
1004969628
1004969629
1004969630
1004969631
1004969632
1004969633
1004969634
1004969635
1004969636
1004969637
1004969638
1004969639
1004969640
1004969641
1004969642
1004969643
1004969644
1004969645
1004969646
1004969647
1004969648
1004969649
1004969650
1004969651
1004969652
1004969653
1004969654
1004969655
1004969656
1004969657
1004969658
1004969659
1004969660
1004969661
1004969662
1004969663
1004969664
1004969665
1004969666
1004969668
1004969669
1004969670
1004969671
1004969672
1004969673
1004971322
1004971323
1004971324
1004971325
1004971326
1004971327
1004971328
1004971329
1004971330
1004971331
1004971332
1004971333
1004971334
1004971335
1004971336
1004971337
1004971338
1004971339
1004971340
1004971341
1004971342
1004971343
1004971344
1004971345
1004971346
1004971347
1004971348
1004971349
1004971350
1004971351
1004971352
1004971353
1004971354
1004971355
1004971356
1004971357
1004971358
1004971359
1004971360
1004971361
1004971362
1004971363
1004971364
1004971365
1004971366
1004971367
1004971368
1004971369
1004971370
1004971371
1004971372
1004971373
1004971374
1004971375
1004971376
1004971377
1004971378
1004971379
1004971380
1004971381
1004971382
1004971383
1004971384
1004971385
1004971386
1004971387
1004971388
1004971389
1004971390
1004971391
1004971392
1004971393
1004971394
1004971395
1004971396
1004971397
1004971398
1004971399
1004971400
1004971401
1004971402
1004971403
1004971404
1004971405
1004971406
1004971407
1004971408
1004971409
1004971410
1004971411
1004971412
1004971413
1004971414
1004971415
1004971416
1004971417
1004971418
1004971419
1004971420
1004977929
1004977930
1004977931
1004977932
1004977933
1004977934
1004977935
1004977936
1004977937
1004977938
1004977939
1004977940
1004977941
1004977942
1004977943
1004977944
1004977945
1004977946
1004977947
1004977948
1004977949
1004977950
1004977951
1004977952
1004977953
1004977954
1004977955
1004977956
1004977957
1004977958
1004977959
1004977960
1004977961
1004977962
1004977963
1004977964
1004977965
1004977966
1004977967
1004977968
1004977969
1004977970
1004977971
1004977972
1004977973
1004977974
1004977975
1004977976
1004977977
1004977978
1004977979
1004977980
1004977981
1004977982
1004977983
1004977984
1004977985
1004977986
1004977987
1004977988
1004977989
1004977990
1004977991
1004977992
1004977993
1004977994
1004977995
1004977996
1004977997
1004977998
1004977999
1004978000
1004978001
1004978071
1004978073
1004978074
1004978075
1004978076
1004978077
1004978078
1004978079
1004978080
1004978081
1004978082
1004978083
1004978084
1004978085
1004978086
1004978087
1004978088
1004978089
1004978090
1004978091
1004978092
1004978093
1004978094
1004978095
1004978096
1004978097
1004978098
1004978099
1004978100
1004978101
1004978102
1004978103
1004978104
1004978105
1004978106
1004978107
1004978108
1004978109
1004978110
1004978111
1004978112
1004978113
1004978114
1004978115
1004978116
1004978117
1004978118
1004978119
1004978120
1004978121
1004978122
1004978123
1004978124
1004978125
1004978126
1004978127
1004978128
1004978129
1004978130
1004978131
1004978132
1004978133
1004978134
1004978135
1004978136
1004978137
1004978138
1004978139
1004978140
1004978141
1004978142
1004978143
1004978144
1004978145
1004978146
1004978147
1004978148
1004978149
1004978150
1004978151
1004978152
1004978153
1004978154
1004978155
1004978156
1004978157
1004978158
1004978159
1004978160
1004978161
1004978162
1004978163
1004978164
1004978165
1004978166
1004978167
1004978168
1004978169
1004978170
1004978171
1004978172
1004978173
1004978174
1004978175
1004978176
1004978177
1004978178
1004978180
1004978181
1004978182
1004978183
1004978184
1004978185
1004978186
1004978187
1004978188
1004978189
1004978190
1004978191
1004978192
1004978193
1004978194
1004978195
1004978196
1004978197
1004978198
1004978199
1004978200
1004978201
1004978202
1004978203
1004978204
1004978205
1004978206
1004978207
1004978208
1004978209
1004978210
1004978211
1004978212
1004978213
1004978214
1004978215
1004978216
1004978217
1004978219
1004978220
1004978221
1004978222
1004978223
1004978224
1004978225
1004978226
1004978227
1004978228
1004978229
1004978230
1004978231
1004978232
1004978233
1004978234
1004978235
1004978236
1004978237
1004978238
1004978239
1004978240
1004978241
1004978242
1004978243
1004978244
1004978245
1004978246
1004978247
1004978248
1004978249
1004978250
1004978251
1004978252
1004978253
1004978254
1004978255
1004978256
1004978257
1004978258
1004978259
1004978260
1004978261
1004978262
1004978263
1004978264
1004978265
1004978266
1004978267
1004978268
1004978269
1004978270
1004978271
1004978272
1004978273
1004978274
1004978275
1004978276
1004978277
1004978278
1004978279
1004978280
1004978281
1004978282
1004978283
1004978284
1004978285
1004978286
1004978287
1004978288
1004978289
1004978290
1004978291
1004978292
1004978293
1004978294
1004978295
1004978296
1004978297
1004978298
1004978299
1004978300
1004978301
1004978302
1004978303
1004978304
1004978305
1004978306
1004978307
1004978308
1004978309
1004978310
1004978311
1004978312
1004978313
1004978314
1004978315
1004978316
1004978317
1004978318
1004978319
1004978320
1004978321
1004978322
1004978323
1004978324
1004978325
1004978326
1004978327
1004978328
1004978329
1004978330
1004978331
1004978332
1004978333
1004978334
1004978335
1004978336
1004978337
1004978338
1004978339
1004978340
1004978341
1004978342
1004978343
1004978344
1004978345
1004978346
1004978347
1004978348
1004978349
1004978350
1004978351
1004978352
1004978353
1004978354
1004978355
1004978356
1004978357
1004978358
1004978359
1004978360
1004978361
1004978362
1004978363
1004979005
1004979006
1004979007
1004979008
1004979009
1004979010
1004979011
1004979012
1004979013
1004979014
1004979015
1004979016
1004979017
1004979018
1004979019
1004979020
1004979021
1004979022
1004979023
1004979024
1004979025
1004979026
1004979027
1004979028
1004979029
1004979030
1004979031
1004979032
1004979033
1004979034
1004979035
1004979036
1004979037
1004979038
1004979039
1004979040
1004979041
1004979042
1004979043
1004979044
1004979045
1004979046
1004979047
1004979048
1004979049
1004979050
1004979052
1004979053
1004979054
1004979055
1004979056
1004979057
1004979058
1004979059
1004979060
1004979061
1004979062
1004979063
1004979064
1004979065
1004979066
1004979067
1004979068
1004979069
1004979070
1004979071
1004979072
1004979073
1004979074
1004979075
1004979076
1004979077
1004979078
1004979079
1004979080
1004979081
1004979082
1004979083
1004979084
1004979085
1004979086
1004979087
1004979088
1004979089
1004979090
1004979091
1004979092
1004979093
1004979094
1004979095
1004979096
1004979097
1004979098
1004979099
1004979100
1004979101
1004979102
1004979103
1004979104
1004979105
1004979106
1004979107
1004979108
1004979109
1004979110
1004979111
1004979112
1004979113
1004979114
1004979115
1004979116
1004979117
1004979118
1004979119
1004979120
1004979121
1004979122
1004979123
1004979124
1004979125
1004979126
1004979127
1004979128
1004979129
1004979130
1004979131
1004979132
1004979133
1004979134
1004997264
1004997265
1004997266
1004997267
1004997268
1004997269
1004997270
1004997271
1004997272
1004997273
1004997274
1004997275
1004997276
1004997277
1004997278
1004997279
1004997280
1004997281
1004997282
1004997283
1004997284
1004997285
1004997286
1004997287
1004997288
1004997289
1004997290
1004997291
1004997292
1004997294
1004997295
1004997296
1004997297
1004997298
1004997299
1004997300
1004997301
1004997302
1004997303
1004997304
1004997305
1004997306
1004997307
1004968081
1004968082
1004968121
1004968122
1004968124
1004968125
1004968126
1004986998
1004986999
1004987000
1004987001
1004987003
1004971521
1004971522
1004979211
1004979212
1004979213
1004979214
1004979215
1004979291
1004979292
1004979293
1004979294
1004979295
1004979296
1004979297
1004979298
1004979299
1004979300
1004979301
1004986786
1004986787
1004986788
1004986789
1004986790
1004986791
1004986792
1004986793
1004986794
1004986795
1004986796
1004986797
1004986798
1004986799
1004986800
1004986801
1004986802
1004986815
1004986816
1004986817
1004986818
1004986994
1004986995
1004986996
1004986997
1004987002
1004988858
1004988859
1004988860
1004988861
1004988862
1004988863
1004988864
1004988865
1004988866
1004988867
1004988868
1004988869
1004988870
1004988871
1004988872
1004988873
1004988874
1004988875
1004988876
1004988877
1004988878
1004988879
1004988880
1004988881
1004988882
1004988883
1004988884
1004988885
1004988886
1004988887
1004988888
1004988889
1004988890
1004988891
1004988892
1004988893
1004988894
1004988895
1004988896
1004988897
1004988898
1004988899
1004988900
1004988901
1004988902
1004988903
1004988904
1004988905
1004988906
1004988907
1004988908
1004988909
1004988910
1004988911
1004988912
1004988913
1004988914
1004988915
1004988916
1004988917
1004988918
1004988919
1004988920
1004988921
1004988922
1004988923
1004988924
1004988925
1004988926
1004988927
1004988928
1004988929
1004988930
1004988931
1004988932
1004988933
1004988934
1004988935
1004988936
1004988937
1004988938
1004988939
1004988940
1004988941
1004988942
1004988943
1004988944
1004988945
1004988946
1004988947
1004988948
1004988949
1004988950
1004990075
1004990076
1004994501
1004994502
1004994503
1004994504
1004994505
1004994506
1004994507
1004994508
1004994509
1004994510
1004994511
1004994512
1004994513
1004994514
1004994515
1004994516
1004994517
1004994518
1004994519
1004994520
1004994521
1004994522
1004994523
1004994524
1004994525
1004994526
1004994527
1004994528
1004994529
1004994530
1004994531
1004994532
1004994533
1004994534
1004994535
1004994536
1004994537
1004994538
1004994539
1004994540
1004994541
1004994542
1004994543
1004994544
1004994545
1004994546
1004994547
1004994548
1004994549
1004994550
1004994551
1004994552
1004994553
1004994554
1004994555
1004994556
1004994557
1004994558
1004994559
1004994560
1004994561
1004994562
1004994563
1004994564
1004994565
1004995389
1004995390
1004995391
1004995392
1004995393
1004995394
1004995395
1004995396
1004995397
1004995398
1004995399
1004995400
1004995401
1004995402
1004995403
1004995404
1004995405
1004995406
1004995407
1004995408
1004995409
1004995410
1004995411
1004995412
1004995413
1004995414
1004995415
1004995416
1004995417
1004995418
1004995419
1004995420
1004995421
1004995422
1004995423
1004995424
1004995425
1004995426
1004995427
1004995428
1004995429
1004995430
1004995431
1004995432
1005002539
1005002540
1005002541
1005002542
1005002543
1005002544
1005002545
1005002546
1005002547
1005002548
1005002549
1005002550
1005002551
1005002552
1005002553
1005002554
1005002555
1005002556
1005002557
1005002558
1005002559
1005002560
1005002561
1005002562
1005002563
1005002564
1005002565
1005002566
1005002567
1005002568
1005002569
1005002570
1005002571
1005002572
1005002573
1005002574
1005002575
1005002576
1005002577
1005002578
1005002579
1005002580
1005002581
1005002582
1005002583
1005002584
1005002585
1005002586
1005002587
1005002588
1005002589
1005002590
1005002592
1005002593
1005002594
1005002595
1005002596
1005002597
1005002598
1005002599
1005002600
1005002601
1005002602
1005002603
1005002604
1005002605
1005002770
1005002771
1005002772
1005002773
1005002774
1005002775
1005002776
1005002777
1005002778
1005002779
1005002780
1005002781
1005002782
1005002783
1005002784
1005002785
1005002786
1005002787
1005002788
1005002789
1005002790
1005002791
1005002792
1005002793
1005002794
1005002795
1005002796
1005002797
1005002798
1005002799
1005002800
1005002801
1005002802
1005002803
1005002804
1005002805
1005002806
1005002807
1005002808
1005002809
1005002810
1005002811
1005002812
1005002813
1005002814
1005002815
1005002816
1005002817
1005002818
1005002819
1005002820
1005002821
1005002822
1005002823
1005002824
1005002825
1005002826
1005002827
1005002828
1005002829
1005002830
1005002831
1005002832
1005002833
1005002834
1005002835
1005002836
1005003012
1005003013
1005003014
1005003015
1005003016
1005003017
1005003018
1005003019
1005003020
1005003021
1005003022
1005003023
1005003024
1005003025
1005003026
1005003027
1005003028
1005003029
1005003030
1005003031
1005003032
1005003033
1005003034
1005003035
1005003036
1005003037
1005003038
1005003039
1005003040
1005003041
1005003042
1005003043
1005003044
1005003045
1005003046
1005003047
1005003048
1005003049
1005003050
1005003051
1005003052
1005003053
1005003054
1005003055
1005003056
1005003057
1005003058
1005003059
1005003060
1005003061
1005003062
1005003063
1005003064
1005003065
1005003066
1005003067
1005003068
1005003069
1005003070
1005003071
1005003072
1005003073
1005003074
1005003075
1005003076
1005003077
1005003078
1005003079
1005003080
1005003081
1005003082
1005003083
1005003084
1005003085
1005003086
1005003087
1005003088
1005003089
1005003090
1005003091
1005003092
1005003093
1005003094
1005003095
1005010340
1005010341
1005010342
1005010343
1005010344
1005010345
1005010346
1005010347
1005010348
1005010349
1005010350
1005010351
1005010352
1005010353
1005010354
1005010355
1005010356
1005010357
1005010358
1005010359
1005010360
1005010361
1005010362
1005010363
1005010364
1005010365
1005010366
1005010367
1005010368
1005010369
1005010370
1005010371
1005010372
1005010373
1005010374
1005010375
1005010376
1005010377
1005010378
1005010379
1005010380
1005010381
1005010382
1005010383
1005010384
1005010385
1005010386
1005010387
1005010388
1005010389
1005010390
1005010391
1005010392
1005010393
1005010394
1005010395
1005010396
1005010397
1005010398
1005010399
1005010400
1005010401
1005010402
1005010403
1005010404
1005010405
1005010406
1005010407
1005010408
1005010409
1005010410
1005010411
1005010412
1005010413
1005010414
1005010415
1005010416
1005010417
1005010418
1005031303
1005031304
1005031305
1005031306
1005031307
1005031308
1005031309
1005031310
1005031311
1005031312
1005031313
1005031314
1005031315
1005031316
1005031317
1005031318
1005031319
1005031320
1005031321
1005031322
1005031323
1005031324
1005031325
1005031326
1005031327
1005031328
1005031329
1005031330
1005108567
1005108568
1005108569
1005108570
1005108571
1005108572
1005108573
1005108574
1005108575
1005108576
1005108577
1005108578
1005108579
1005108580
1005108581
1005108582
1005108583
1005108584
1005108585
1005108586
1005108587
1005108588
1005108589
1005108590
1005108591
1005108592
1005108593
1005108594
1005108595
1005108596
1005108597
1005108598
1005108599
1005108600
1005108601
1005108602
1005108603
1005108604
1005108605
1005108606
1005108607
1005108608
1005108609
1005108610
1005108611
1005108612
1005108613
1005108614
1005108615
1005108616
1005108617
1005108618
1005108619
1005108620
1005108621
1005108622
1005108623
1005108624
1005108625
1005108626
1005108627
1005108628
1005108629
1005108630
1005108631
1005108632
1005108633
1005108634
1005108635
1005108636
1005108637
1005108638
1005108639
1005108640
1005108641
1005108642
1005108643
1005108644
1005108645
1005108646
1005108647
1005108648
1005108649
1005108650
1005108651
1005108652
1005108653
1005108654
1005108655
1005108656
1005108657
1005108658
1005108659
1005108660
1005108661
1005108662
1005108663
1005108664
1005108665
1005108666
1005108667
1005108668
1005108669
1005108670
1005108671
1005108672
1005108673
1005108674
1005108675
1005108676
1005108677
1005108678
1005108679
1004989892
1004989893
1004989894
1004989895
1004989896
1004989897
1004989898
1004989899
1004989900
1004989901
1004989902
1004989903
1004989904
1004989905
1004989906
1004989907
1004989908
1004989909
1004989910
1004989911
1004989912
1004989913
1004989914
1004989915
1004989916
1004989917
1004989918
1004989919
1004989920
1004989921
1004989922
1004989923
1004989924
1004989925
1004989926
1004989927
1004989928
1004989929
1004989930
1004989931
1004989932
1004989933
1004989934
1004989935
1004989936
1004989937
1004989938
1004989939
1004989940
1004989941
1004989942
1004989943
1004989944
1004989945
1004989946
1004989947
1004989948
1004989949
1004989950
1004989951
1004989952
1004989953
1004989954
1004989955
1004989956
1004989957
1004989958
1004989959
1004989960
1004989961
1004989962
1004989963
1004989964
1004989965
1004989966
1004989967
1004989968
1004989969
1004989970
1004989971
1004989972
1004989973
1004989974
1004989975
1004989976
1004989977
1004989978
1004989979
1004989980
1004989981
1004989982
1004989983
1004989984
1004989985
1004989986
1004989987
1004989988
1004989989
1004989990
1004989991
1004989992
1004989993
1004989994
1004989995
1004989996
1004989997
1004989998
1004989999
1004990000
1004990001
1004990002
1004990003
1004990004
1004990005
1004990006
1004990007
1004990008
1004990009
1004990010
1004990011
1004990012
1004990013
1004990014
1004990015
1004990016
1004990017
1004990018
1004990019
1004990020
1004990021
1004990022
1004990023
1004990024
1004990025
1004990026
1004990027
1004990028
1004990029
1004990030
1004990031
1004990032
1004990033
1004990034
1004990035
1004990036
1004990037
1004990038
1004990039
1004990040
1004990041
1004990042
1004990043
1004990044
1004990045
1004990046
1004990047
1004990048
1004990049
1004990050
1004990051
1004990052
1004990053
1004990054
1004990055
1004990056
1004990057
1004990058
1004990059
1004990060
1004990061
1004990062
1004990063
1004990064
1004990065
1004990066
1004990067
1004990068
1004990069
1004990070
1004990071
1004990072
1004990073
1004990074
1004997308
1004997309
1004997310
1004997311
1004997312
1004997313
1004997314
1004997315
1004997316
1004997317
1004997318
1004997319
1004997320
1004997321
1004997322
1004997323
1004997324
1004997325
1004997326
1004997327
1004997328
1004997329
1004997330
1004997331
1004997332
1004997333
1004997334
1004997335
1004997336
1004997337
1004997338
1004997339
1004997340
1004997341
1004997342
1004997343
1004997344
1004997345
1004997346
1004997347
1004997348
1004997349
1004997350
1004997351
1004997352
1004997353
1004997354
1004997355
1004997356
1004997357
1004997358
1004997359
1004997360
1004997361
1004997362
1004997363
1004997364
1004997365
1004997366
1004997367
1004997368
1004997369
1004997370
1004997371
1004997372
1004997373
1004997374
1004997375
1004997376
1004997377
1004997378
1004997379
1004997380
1004997381
1004997382
1004997383
1004997384
1004997385
1004997386
1004997387
1004997388
1004997389
1004997390
1004997391
1004997392
1004997393
1004997394
1004997395
1004997396
1004997397
1004997398
1004997399
1004997400
1004997401
1004997402
1004997403
1004997404
1004997405
1005008326
1005008327
1005008328
1005008329
1005008330
1005008331
1005008332
1005008333
1005008334
1005008335
1005008336
1005008337
1005008338
1005008339
1005008340
1005008341
1005008342
1005008343
1005008344
1005008345
1005008346
1005008347
1005008348
1005008349
1005008350
1005008351
1005008352
1005008353
1005008354
1005008355
1005008356
1005008357
1005008358
1005008359
1005008360
1005008361
1005008362
1005008363
1005008364
1005008365
1005008366
1005008367
1005008368
1005008369
1005008370
1005008371
1005008372
1005008373
1005008374
1005008375
1005008376
1005008377
1005008378
1005008379
1005008380
1005008381
1005008382
1005008383
1005008384
1005008385
1005008386
1005008387
1005008388
1005008389
1005008390
1005008391
1005008392
1005008393
1005008394
1005008395
1005008396
1005008397
1005008398
1005008399
1005008400
1005008401
1005008402
1005008403
1005008404
1005008405
1005008406
1005008407
1005008408
1005008409
1005008410
1005008411
1005008412
1005008413
1005008414
1005008415
1005008416
1005008417
1005008418
1005008419
1005008420
1005008421
1005008422
1005008423
1005008424
1005008425
1005008426
1005008427
1005008428
1005008429
1005008430
1005008431
1005008432
1005008433
1005008434
1005008435
1005008436
1005008437
1005008438
1005008439
1005008440
1005008441
1005008442
1005008443
1005008444
1005008445
1005008446
1005008447
1005008448
1005008449
1005008450
1005008451
1005008452
1005008453
1005008454
1005008455
1005008456
1005008457
1005008458
1005008459
1005008460
1005008461
1005008462
1005008463
1005008464
1005008465
1005008466
1005008467
1005008468
1005008469
1005008470
1005008471
1005008472
1005008473
1005008474
1005008475
1005008476
1005008477
1005008478
1005008479
1005008480
1005008481
1005008482
1005008483
1005008484
1005008485
1005008486
1005008487
1005008488
1005008489
1005008490
1005008491
1005008492
1005008493
1005008494
1005008495
1005008496
1005008497
1005008498
1005008499
1005008500
1005008501
1005008502
1005008503
1005008504
1005008505
1005008506
1005008507
1005008508
1005008509
1005008510
1005008511
1005008512
1005008513
1005008514
1005008515
1005008516
1005008517
1005008518
1005008519
1005008520
1005008521
1005008522
1005008523
1005008524
1005008525
1005008526
1005008527
1005008528
1005008529
1005008530
1005008531
1005008532
1005008533
1005008534
1005108401
1005108402
1005108403
1005108404
1005108405
1005108406
1005108407
1005108408
1005108409
1005108410
1005108411
1005108412
1005108413
1005108414
1005108415
1005108416
1005108417
1005108418
1005108419
1005108420
1005108421
1005108422
1005108423
1005108424
1005108425
1005108426
1005108427
1005108428
1005108429
1005108430
1005108431
1005108432
1005108433
1005108434
1005108435
1005108436
1005108437
1005108438
1005108439
1005108440
1005108441
1005108442
1005108443
1005108444
1005108445
1005108446
1005108447
1005108448
1005108449
1005108450
1005108451
1005108452
1005108453
1005108454
1005108455
1005108456
1005108457
1005108458
1005108459
1005108460
1005108461
1005108462
1005108463
1005108464
1005108465
1005108466
1005108467
1005108468
1005108469
1005108470
1005108471
1005108472
1005108473
1005108474
1005108475
1005108476
1005108477
1005108478
1005108479
1005108480
1005108481
1005108482
1005108483
1005108484
1005108485
1005108486
1005108487
1005108488
1005108489
1005108490
1005108491
1005108492
1005108493
1005108494
1005108495
1005108496
1005108497
1005108498
1005108499
1005108500
1005108501
1005108502
1005108503
1005108504
1005108505
1005108506
1005108507
1005108508
1005108509
1005108510
1005108511
1005108513
1005108514
1005108515
1005108516
1005108517
1005108518
1005108519
1005108520
1005108521
1005108522
1005108523
1005108524
1005108525
1005108526
1005108527
1005108528
1005108529
1005108530
1005108531
1005108532
1005108533
1005108534
1005108535
1005108536
1005108537
1005108538
1005108539
1005108540
1005108541
1005108542
1005108543
1005108544
1005108545
1005108546
1005108547
1005108548
1005108549
1005108550
1005108551
1005108552
1005108553
1005108554
1005108555
1005108556
1005108557
1005108558
1005108559
1005108560
1005108561
1005108562
1005108563
1005108564
1005108565
1005108566
1005140510
1005140513
1005140514
1005140516
1005140517
1005140518
1004915698
1004895844
1004895866
1004912133
1004913361
1004913363
1004967165
1004979236
1004979238
1004979240
1004979242
1004979244
1004979246
1004979248
1004979250
1004979252
1004979254
1004979256
1004979258
1004979260
1004979262
1004979264
1004979266
1004979268
1004979270
1004979272
1004979274
1004979276
1004979278
1005009200
1005009201
1005024042
1005024044
1005024046
1005024048
1005024050
1005024052
1005024054
1005024056
1005024058
1005024060
1005024062
1005024064
1005024066
1005024068
1005024070
1005024072
1005024074
1005024076
1005024078
1005024080
1005024082
1005024084
1005024086
1005024088
1005024090
1005024092
1005024094
1005024096
1005024098
1005024100
1005024102
1005024104
1005024106
1005024108
1005024110
1005024112
1005024114
1005024116
1005024118
1005024120
1005024122
1005024124
1005024126
1005024128
1005024130
1005024132
1005024134
1005024136
1005024138
1005024140
1005024142
1005024144
1005024146
1005024148
1005024150
1005024152
1005024154
1005024156
1005024158
1005024160
1005024162
1005024164
1005024166
1005024168
1005024170
1005024172
1005024174
1005024176
1005024178
1005024180
1005024182
1005024184
1005024186
1005024188
1005024190
1004884047
1004884049
1004884051
1004884053
1004884057
1004884059
1004884063
1004884067
1004884069
1004884071
1004884075
1004884077
1004884079
1004884081
1004884083
1004884087
1004884089
1004884093
1004884095
1004968133
1005339196
1005339197
1005339198
1005339199
1005339200
1005339201
1005339202
1005339203
1005339204
1005339205
1005339206
1005339207
1005339208
1005339209
1005339210
1005339211
1005339212
1005339213
1005339214
1005339215
1005339216
1005339217
1005339218
1005339219
1005339220
1005339221
1005339222
1005339223
1005339224
1005339225
1005339226
1005339227
1005339228
1005339229
1005339230
1005339231
1005339232
1005339233
1005339234
1005339235
1005339236
1005339237
1005339238
1005339239
1005339240
1005339241
1005339242
1005339243
1005339244
1005339245
1005339246
1005339247
1005339248
1005339249
1005339250
1005339251
1005339252
1005339253
1005339254
1005339255
1005339256
1005339257
1005339258
1005339259
1005339260
1005339261
1005339262
1005339263
1005339264
1005339265
1005339266
1005339267
1005339268
1005339269
1005339270
1005339271
1005339272
1005339273
1005339274
1005339275
1005339276
1005339277
1005339278
1005339279
1005339280
1005339281
1005339282
1005339283
1005339284
1005339285
1005339286
1005339287
1005339288
1005339289
1005339290
1005339291
1005339292
1005339293
1005339294
1005339295
1005339296
1005339297
1005339298
1005339299
1005339300
1005339301
1005339302
1005339303
1005339304
1005339305
1005339306
1005339307
1005339308
1005339309
1005339310
1005339311
1005339312
1005339313
1005339314
1005339315
1005339316
1005339317
1005339318
1005339319
1005339320
1005339321
1005339322
1005339323
1005339324
1005339325
1005339326
1005339327
1005339328
1005339329
1005339330
1005339331
1005339332
1005339333
1005339334
1005339335
1005339336
1005339337
1005339338
1005339339
1005339340
1005339341
1005339342
1005339343
1005339344
1005339345
1005339346
1005339347
1005339348
1005339349
1005339350
1005339351
1005339352
1005339353
1005339354
1005339355
1005339356
1005339357
1005339358
1005339359
1005339360
1005339361
1005339362
1005339363
1005339364
1005339365
1005339366
1005339367
1005339368
1005339369
1005339370
1005339371
1005339372
1005339373
1005339374
1005339375
1005339376
1005339377
1005339378
1005339379
1005339380
1005339381
1005339382
1005339383
1005339384
1005339385
1005339386
1005339387
1005339388
1005339389
1005339390
1005339391
1005339392
1005339393
1005339394
1005339395
1005339396
1005339397
1005339398
1005339399
1005339400
1005339401
1005339402
1005339403
1005339404
1005339405
1005339406
1005339407
1005339408
1005339409
1005339410
1005339411
1005339412
1005339413
1005339414
1005339415
1005339416
1005339417
1005339418
1005339419
1005339420
1005339421
1005339422
1005339423
1005339424
1005339425
1005339426
1005342443
1005342444
1005342445
1005342446
1005342447
1005342448
1005342449
1005342450
1005342451
1005342452
1005342453
1005342454
1005342455
1005342456
1005342457
1005342458
1005342459
1005342460
1005342461
1005342462
1005342463
1005342464
1005342465
1005342466
1005342468
1005342469
1005342470
1005342471
1005342472
1005342473
1005342474
1005342475
1005342476
1005342477
1005342478
1005342479
1005342480
1005342481
1005342482
1005342483
1005342484
1005342485
1005342486
1005342487
1005342488
1005342489
1005342490
1005342491
1005342492
1005342493
1005342494
1005342495
1005342496
1005342497
1005342498
1005342499
1005342500
1005342501
1005342502
1005342503
1005342504
1005342505
1005342506
1005342507
1005342508
1005342509
1005342510
1005342511
1005342513
1005342514
1005342515
1005342516
1005342517
1005342518
1005342519
1005342520
1005342521
1005342522
1005342523
1005342524
1005342525
1005342526
1005342527
1005342528
1005342529
1005342530
1005342531
1005342532
1005342533
1005342534
1005342535
1005342536
1005342537
1005342538
1005342539
1005342540
1005342541
1005342542
1005342543
1005342544
1005342545
1005342546
1005342547
1005342548
1005342549
1005342550
1005342551
1005342552
1005342553
1005342554
1005342555
1005342556
1005342557
1005342558
1005342559
1005342560
1005342561
1005342562
1005342563
1005342564
1005342565
1005342566
1005342567
1005342568
1005342569
1005342570
1005342571
1005342572
1005342573
1005342574
1005342575
1005342576
1005342577
1005342578
1005342579
1005342580
1005342581
1005342582
1005342583
1005342584
1005342585
1005342586
1005342587
1005342588
1005342589
1005342590
1005342591
1005342592
1005342593
1005342594
1005342595
1005342596
1005342597
1005342598
1005342599
1005342600
1005342601
1005342602
1005342603
1005342604
1005342605
1005342606
1005342607
1005342608
1005342609
1005342610
1005342611
1005342612
1005342613
1005342614
1005342615
1005342616
1005342617
1005342618
1005342619
1005342620
1005342621
1005342622
1005342623
1005342624
1005342625
1005342626
1005342627
1005342628
1005342629
1005342630
1005342631
1005342632
1005342633
1005342634
1005342635
1005342636
1005342637
1005342638
1005342639
1005342640
1005342641
1005342642
1005342643
1005342644
1005342645
1005342646
1005342647
1005342648
1005342649
1005342650
1005342651
1005342652
1005342653
1005342654
1005342655
1005342656
1005342657
1005342658
1005342659
1005342660
1005342661
1005342662
1005342663
1005342664
1005342665
1005342666
1005342667
1005342668
1005342669
1005342670
1005342671
1005342672
1005342673
1005342674
1005342675
1005342676
1005342677
1005342678
1005342679
1005342680
1005342681
1005342682
1005342683
1005342684
1005342685
1005342686
1005342687
1005342688
1005342689
1005342690
1005342691
1005342692
1005342693
1005342694
1005342695
1005342696
1005342697
1005342698
1005342699
1005342700
1005342701
1005342702
1005342703
1005342704
1005342705
1005342706
1005342707
1005342708
1005342709
1005342710
