1833077
1833121
1833161
1833198
1833212
1833253
1833288
1833320
1833349
1833374
1833398
1833429
1833459
1833482
1833512
1833536
1833567
1833568
1833569
1833570
1833571
1833572
1833573
1833681
1833682
1833885
1833921
1833966
1834011
1834043
1834093
1834131
1834158
1834214
1834250
1834280
1834326
1834367
1834437
1834515
1834557
1834600
1834694
1834731
1834769
1834809
1834839
1834879
1834922
1834989
1835054
1835120
1835172
1835234
1835271
1835293
1835324
1835350
1858477
1858513
1858565
1858601
1858650
1858692
1858718
1858738
1858819
1858852
1858900
1858911
1859006
1859044
1859083
1859159
1859225
1859263
1859297
1859371
1859397
1859459
1859536
1859566
1859604
1860022
1860057
1860089
1860157
1860226
1860247
1860248
1860249
1860250
1860251
1860252
1860253
1860254
1860255
1860256
1860257
1860258
1860259
1860260
1860261
1860262
1865857
1881379
2022482
2022514
2022596
2033215
2033275
2033302
2033373
2033395
2039759
2039783
2039843
2039866
2039920
2039960
2039999
2040043
2040077
2040124
2040174
2040216
2040256
2040295
2040348
2040387
2040426
2040467
2040525
2040571
2040611
2040650
2040693
2040742
2040793
2040844
2040893
2040952
2041228
2041229
2041230
2043033
2043069
2043116
2043155
2043194
2043228
2043267
2043306
2043340
2043381
2043424
2043469
2043513
2043556
2043595
2043638
2043678
2043726
2043773
2043826
2043861
2043899
2043936
2043970
2044009
2044056
2044101
2044137
2044181
2044219
2044261
2044295
2044338
2044375
2044417
2044463
2044509
2044553
2044593
2044633
2044683
2044720
2044828
2044858
2044889
2044947
2044974
2044993
2045023
2045062
2045096
2045126
2045161
2045196
2045228
2045257
2045290
2045327
2045362
2045398
2045465
2045499
2045528
2045561
2045595
2045623
2045659
2045696
2045727
2045759
2045788
2045820
2045847
2045875
2045903
2045932
2045969
2045999
2046028
2046063
2046092
2046123
2046156
2046188
2046217
2046250
2046287
2046317
2046348
2046386
2046410
2046440
2046470
2046498
2046524
2046549
2046578
2046607
2046636
2046668
2046709
2046734
2046771
2046796
2046833
2046864
2046897
2046929
2046968
2047005
2047043
2048061
2048098
2048139
2048188
2048239
2048297
2048345
2048390
2048425
2048467
2050926
2050973
2051023
2051083
2051134
2051180
2051226
2051261
2051309
2051361
2051415
2051459
2051495
2051531
2051580
2053993
2053994
2054212
2054214
2054216
2054218
2054220
2054222
2054224
2054226
2054228
2054230
2054232
2054234
2054236
2054238
2054240
2054242
2054244
2054246
2054248
2054250
2054252
2054254
2054256
2054258
2054260
2054262
2054264
2054266
2054268
2054270
2054272
2054274
2054276
2054278
2054280
2054282
2054284
2054286
2054288
2054290
2054292
2054294
2054296
2054298
2054300
2054302
2054304
2054306
2054308
2054310
2054313
2054315
2054318
2054320
2054322
2054324
2054326
2054328
2054907
2054938
2054957
2054989
2055016
2055048
2055073
2055101
2055206
2055251
2055282
2055323
2055357
2055412
2055444
2055455
2055476
2055552
2055618
2055643
2055658
2055675
2055695
2055717
2055770
2055826
2055978
2056008
2056028
2056055
2056093
2056111
2056160
2056213
2056274
2056341
2056401
2056478
2056534
2056649
2056675
2056739
2056792
2056843
2056856
2056864
2056900
2059745
2059747
2059749
2059751
2059753
2059755
2059757
2059759
2059761
2059763
2059765
2059767
2059769
2059771
2059773
2059775
2059777
2059779
2059781
2059783
2059785
2059787
2059789
2059791
2059793
2059795
2059797
2059799
2059801
2059803
2059805
2059807
2059809
2059811
2059813
2059815
2059817
2059819
2059821
2059823
2059825
2059827
2059829
2059831
2059833
2059835
2059837
2059839
2059841
2059843
2059845
2059847
2059849
2059851
2059853
2059855
2059857
2059859
2059861
2059863
2059865
2059867
2059869
2059871
2059873
2059875
2059877
2059879
2059881
2059883
2059885
2059887
2059889
2059891
2059893
2059895
2059897
2059899
2059901
2059903
2059905
2059907
2059909
2059911
2059913
2059915
2059917
2059919
2059921
2059923
2059925
2059927
2059929
2059931
2059933
2059935
2059937
2059939
2059941
2059943
2059945
2059947
2059949
2059951
2059953
2059955
2059957
2059959
2059961
2059963
2059965
2059968
2059970
2059972
2059974
2059976
2059978
2059980
2059982
2059984
2059986
2059988
2059990
2059992
2059994
2059996
2059998
2060000
2060002
2060004
2060006
2060008
2060010
2060012
2060014
2060016
2060018
2060020
2060022
2060024
2060026
2060028
2060030
2060032
2060034
2060036
2060038
2060040
2060042
2060044
2060046
2060048
2060050
2060052
2060054
2060056
2060058
2060060
2060062
2060064
2060066
2060068
2060070
2060072
2060074
2060076
2060078
2060080
2060082
2060084
2060086
2060088
2060090
2060092
2060094
2060096
2060098
2060100
2060102
2060104
2060106
2060108
2060110
2060112
2060114
2060116
2060118
2060120
2060122
2060124
2060126
2060128
2060130
2060132
2060134
2060136
2060138
2060140
2060142
2060144
2060146
2060148
2060150
2060152
2060154
2060156
2060158
2060160
2060162
2060164
2060166
2060168
2060170
2060172
2060174
2060176
2060178
2060180
2060182
2060184
2060186
2060188
2060190
2060192
2060194
2060196
2060198
2060200
2060202
2060204
2060206
2060208
2060210
2060212
2060214
2060216
2060218
2060220
2060222
2060224
2060226
2060228
2060230
2060232
2060234
2060236
2060238
2060240
2060242
2060244
2060246
2060248
2060250
2060252
2060254
2060256
2060258
2060260
2060262
2060264
2060266
2060268
2060270
2060272
2060274
2060276
2060278
2060280
2060282
2060284
2060286
2060288
2060290
2060292
2060294
2060296
2060298
2060300
2060302
2060304
2060306
2060308
2060310
2060312
2060314
2060316
2060318
2060320
2060322
2060324
2060326
2060328
2060330
2060332
2060334
2060336
2060338
2060340
2060342
2060344
2060346
2060348
2060350
2060352
2060354
2060356
2060358
2060360
2060362
2060364
2060366
2060368
2060370
2060372
2060374
2060376
2060378
2060380
2060382
2060384
2060386
2060388
2060390
2060392
2060394
2060396
2060398
2060400
2060402
2060404
2060406
2060408
2060410
2060412
2060414
2060416
2060418
2060420
2060422
2060424
2060426
2060428
2060430
2060432
2060434
2060436
2060438
2060440
2060442
2060444
2060446
2060448
2060450
2060452
2060454
2060456
2060458
2060460
2060462
2060464
2060466
2060468
2060470
2060472
2060474
2060476
2060478
2060480
2060482
2060484
2060486
2060488
2060490
2060492
2060494
2060496
2060498
2060500
2060502
2060504
2060506
2060508
2060510
2060512
2060514
2060516
2060518
2060520
2060522
2060524
2060526
2060528
2060530
2060532
2060534
2060536
2060538
2060540
2060542
2060544
2060546
2060548
2060550
2060552
2060554
2060556
2060558
2060560
2060562
2060564
2060566
2060568
2060570
2060572
2060574
2060576
2060578
2060580
2060582
2060584
2060586
2060588
2060590
2060592
2060594
2060596
2060598
2060600
2060602
2060604
2060606
2060608
2060610
2060612
2060614
2060616
2060618
2060620
2060622
2060624
2060626
2060628
2060630
2060632
2060634
2060636
2060638
2060640
2060642
2060644
2060646
2060648
2060650
2060652
2060654
2060656
2060658
2060660
2060662
2060664
2060666
2060668
2060670
2060672
2060674
2060676
2060678
2060680
2060682
2060684
2060686
2060688
2060690
2060692
2060694
2060696
2060698
2060700
2060702
2060704
2060706
2060708
2060710
2060712
2060714
2060716
2060718
2060720
2060722
2060724
2060726
2060728
2060730
2060732
2060734
2060736
2060738
2060740
2060742
2060744
2060746
2060748
2060750
2060752
2060754
2060756
2060758
2060760
2060762
2060764
2060766
2060768
2060770
2060772
2060774
2060776
2060778
2060780
2060782
2060784
2060786
2060788
2060790
2060792
2060794
2060796
2060798
2060800
2060802
2060804
2060806
2060808
2060810
2060812
2060814
2060816
2060818
2060820
2060822
2060824
2060826
2060828
2060830
2060832
2060834
2060836
2060838
2060840
2060842
2060844
2060846
2060848
2060850
2060852
2060854
2060856
2060858
2060860
2060862
2060864
2060866
2060868
2060870
2060872
2060874
2060876
2060878
2060880
2060882
2060884
2060886
2060888
2060890
2060892
2060894
2060896
2060898
2060900
2060902
2060904
2060906
2060908
2060910
2060912
2060914
2060916
2060918
2060920
2060922
2060924
2060926
2060928
2060930
2060932
2060934
2060936
2060938
2060940
2060942
2060944
2060946
2060948
2060950
2060952
2060954
2060956
2060958
2060960
2060962
2060964
2060966
2060968
2060970
2060972
2060974
2060976
2060978
2060980
2060982
2060984
2060986
2060988
2060990
2060992
2060994
2060996
2060998
2061000
2061002
2061004
2061006
2061008
2061010
2061012
2061014
2061016
2061018
2061020
2061022
2061024
2061026
2061028
2061030
2061032
2061034
2061036
2061038
2061040
2061042
2061044
2061046
2061048
2061050
2061052
2061054
2061056
2061058
2061060
2061062
2061064
2061066
2061068
2061070
2061072
2061074
2061076
2061078
2061080
2061082
2061084
2061086
2061088
2061090
2061092
2061094
2061096
2061098
2061100
2061102
2061104
2061106
2061108
2061110
2061112
2061114
2061116
2061118
2061120
2061122
2061124
2061126
2061128
2061130
2061132
2061134
2061136
2061138
2061140
2061142
2061144
2061146
2061148
2061150
2061152
2061154
2061156
2061158
2061160
2061162
2061164
2061166
2061168
2061170
2061172
2061174
2061176
2061178
2061180
2061182
2061184
2061186
2061188
2061190
2061192
2061194
2061196
2061198
2061200
2061202
2061204
2061206
2061208
2061210
2061212
2061214
2061216
2061218
2061220
2061222
2061224
2061226
2061228
2061230
2061232
2061234
2061236
2061238
2061240
2061242
2061244
2061246
2061248
2061250
2061252
2061254
2061256
2061258
2061260
2061262
2061264
2061266
2061268
2061270
2061272
2061274
2061276
2061278
2061280
2061282
2061284
2061286
2061288
2061290
2061292
2061294
2061296
2061298
2061300
2061302
2061304
2061306
2061308
2061310
2061312
2061314
2061316
2061318
2061320
2061322
2061324
2061326
2061328
2061330
2061332
2061334
2061336
2061338
2061340
2061342
2061344
2061346
2061348
2061350
2061352
2061354
2061356
2061358
2061360
2061362
2061364
2061366
2061368
2061370
2061372
2061374
2061376
2061378
2061380
2061382
2061384
2061386
2061388
2061390
2061392
2061394
2061396
2061398
2061400
2061402
2061404
2061406
2061408
2061410
2061412
2061414
2061416
2061418
2061420
2061422
2061424
2061426
2061428
2061430
2061432
2061434
2061436
2061438
2061440
2061442
2061444
2061446
2061448
2061450
2061452
2061454
2061456
2061458
2061460
2061462
2061464
2061466
2061468
2061470
2061472
2061474
2061476
2061478
2061480
2061482
2061484
2061486
2061488
2061490
2061492
2061494
2061496
2061498
2061500
2061502
2061504
2061506
2061508
2061510
2061512
2061514
2061516
2061518
2061520
2061522
2061524
2061526
2061528
2061530
2061532
2061534
2061536
2061538
2061540
2061542
2061544
2061546
2061548
2061550
2061552
2061554
2061556
2061558
2061560
2061562
2061564
2061566
2061568
2061570
2061572
2061574
2061576
2061578
2061580
2061582
2061584
2061586
2061588
2061590
2061592
2061594
2061596
2061598
2061600
2061602
2061604
2061606
2061608
2061610
2061612
2061614
2061616
2061618
2061620
2061622
2061624
2061626
2061628
2061630
2061632
2061634
2061636
2061638
2061640
2061642
2061644
2061646
2061648
2061650
2061652
2061654
2061656
2061658
2061660
2061662
2061664
2061666
2061668
2061670
2061672
2061674
2061676
2061678
2061680
2061682
2061684
2061686
2061688
2061690
2061692
2061694
2061696
2061698
2061700
2061702
2061704
2061706
2061708
2061710
2061712
2061714
2061716
2061718
2061720
2061722
2061724
2061726
2061728
2061730
2061732
2061734
2061736
2061738
2061740
2061742
2061744
2061746
2061748
2061750
2061752
2061754
2061756
2061758
2061760
2061762
2061764
2061766
2061768
2061770
2061772
2061774
2061776
2061778
2061780
2061782
2061784
2061786
2061788
2061790
2061792
2061794
2061796
2061798
2061800
2061802
2061804
2061806
2061808
2061810
2061812
2061814
2061816
2061818
2061820
2061822
2061824
2061826
2061828
2061830
2061832
2061834
2061836
2061838
2061840
2061842
2061844
2061846
2061848
2061850
2061852
2061854
2061856
2061858
2061860
2061862
2061864
2061866
2061868
2061870
2061872
2061874
2061876
2061878
2061880
2061882
2061884
2061886
2061888
2061890
2061892
2061894
2061896
2061898
2061900
2061902
2061904
2061906
2061908
2061910
2061912
2061914
2061916
2061918
2061920
2061922
2061924
2061926
2061928
2061930
2061932
2061934
2061936
2061938
2061940
2061942
2061944
2061946
2061948
2061950
2061952
2061954
2061956
2061958
2061960
2061962
2061964
2061966
2061968
2061970
2061972
2061974
2061976
2061978
2061980
2061982
2061984
2061986
2061988
2061990
2070893
2070895
2070897
2070899
2070901
2070903
2070905
2070907
2070909
2070911
2070913
2070915
2070917
2070919
2070921
2070923
2070925
2070927
2070929
2070931
2070933
2070935
2070937
2070939
2070941
2070943
2070945
2070947
2070949
2070951
2070953
2070955
2070957
2070959
2070961
2070963
2070965
2070967
2070969
2070971
2070973
2070975
2070977
2073054
2073056
2073058
2073060
2073062
2073064
2073066
2073068
2073070
2073072
2073074
2073076
2073130
2073132
2073134
2073136
2073138
2073140
2073142
2073144
2073146
2073148
2073150
2073152
2073154
2073156
2073158
2073160
2073162
2073164
2073166
2073168
2073170
2073172
2073174
2073176
2073178
2073180
2073182
2073184
2073186
2073188
2073190
2073192
2073194
2073196
2073198
2073200
2073202
2073204
2073206
2073208
2073210
2073212
2073214
2073216
2076988
2076990
2076992
2076994
2076996
2076998
2077000
2077002
2077004
2077006
2077008
2077010
2077012
2077014
2077016
2077018
2077020
2077022
2077024
2077026
2077028
2077030
2077032
2077034
2077036
2077038
2077040
2077042
2077044
2077046
2077048
2077050
2077052
2077054
2077056
2077058
2077060
2077062
2077064
2077066
2077068
2077070
2077072
2077074
2077076
2077078
2077080
2077082
2077084
2077086
2077088
2077090
2077092
2077094
2077096
2077098
2077100
2077102
2077104
2077106
2077108
2077110
2077112
2077114
2077116
2077118
2077120
2077122
2077124
2077126
2077128
2077130
2077132
2077134
2077136
2077138
2077140
2077142
2077144
2077146
2077148
2077150
2077152
2077154
2077156
2077158
2077160
2077162
2077164
2077166
2077168
2077170
2077172
2077174
2077176
2077178
2077180
2077182
2077184
2077186
2077188
2077190
2077192
2077194
2077196
2077198
2077200
2077202
2077204
2077206
2077208
2077210
2077212
2077214
2077216
2077218
2077220
2077222
2077224
2077226
2077228
2077230
2077232
2077234
2077236
2077238
2077240
2077242
2077244
2077246
2077248
2077250
2077252
2077254
2077256
2077258
2077260
2077262
2077264
2077266
2077268
2077270
2077272
2077274
2077276
2077278
2077280
2077282
2077284
2077286
2077288
2077290
2077292
2077294
2077296
2077298
2077300
2077302
2077304
2077306
2077308
2077310
2077312
2077314
2077316
2077318
2077320
2077322
2077324
2077326
2077328
2077330
2077332
2077334
2077336
2077338
2077340
2077342
2077344
2077346
2077348
2077350
2077352
2077354
2077356
2077358
2077360
2077362
2077364
2077366
2077368
2077370
2077372
2077374
2077376
2077378
2077380
2077382
2077384
2077386
2077388
2077390
2077392
2077394
2077396
2077398
2077400
2077402
2077404
2077406
2077408
2077410
2077412
2077414
2077416
2077418
2077420
2077422
2077424
2077426
2077428
2077430
2077432
2077434
2077436
2077438
2077440
2077442
2077444
2077446
2077448
2077450
2077452
2077454
2077456
2077458
2077460
2077462
2077464
2077466
2077468
2077470
2077472
2077474
2077476
2077478
2077480
2077482
2077484
2077486
2077488
2077490
2077492
2077494
2077496
2077498
2077500
2077502
2077504
2077506
2077508
2077510
2077512
2077514
2077516
2077518
2077520
2077522
2077524
2077526
2077528
2077530
2077532
2077534
2077536
2077538
2077540
2077542
2077544
2077546
2077548
2077550
2077552
2077554
2077556
2077558
2077560
2077562
2077564
2077566
2077568
2077570
2077572
2077574
2077576
2077578
2077580
2077582
2077584
2077586
2077588
2077590
2077592
2077594
2077596
2077598
2077600
2077602
2077604
2077606
2077608
2077610
2077612
2077614
2077616
2077618
2077620
2077622
2077624
2077626
2077628
2077630
2077632
2077634
2077636
2077638
2077640
2077642
2077644
2077646
2077648
2077650
2077652
2077654
2077656
2077658
2077660
2077662
2077664
2077666
2077668
2077670
2077672
2077674
2077676
2077678
2077680
2077682
2077684
2077686
2077688
2077690
2077692
2077694
2077696
2077698
2077700
2077702
2077704
2077706
2077708
2077710
2077712
2077714
2077716
2077718
2077720
2077722
2077724
2077726
2077728
2077730
2077732
2077734
2077736
2077738
2077740
2077742
2077744
2077746
2077748
2077750
2077752
2077754
2077756
2077758
2077760
2077762
2077764
2077766
2077768
2077770
2077772
2077774
2077776
2077778
2077780
2077782
2077784
2077786
2077788
2077790
2077792
2077794
2077796
2077798
2077800
2077802
2077804
2077806
2077808
2077810
2077812
2077814
2077816
2077818
2077820
2077822
2077824
2077826
2077828
2077839
2077841
2077843
2077845
2077847
2077849
2077851
2077853
2077855
2077857
2077859
2077861
2077863
2077865
2077867
2077869
2077871
2077873
2077875
2077877
2077879
2077881
2077883
2077885
2077887
2077889
2077891
2077893
2077895
2077897
2077899
2077901
2077903
2077905
2077907
2077909
2077911
2077913
2077915
2077917
2077919
2077921
2077923
2077925
2077927
2077929
2077931
2077933
2077935
2077937
2077939
2077941
2077943
2077945
2077947
2077949
2077951
2077953
2077955
2077957
2077959
2077961
2077963
2077965
2077967
2077969
2077971
2077973
2077975
2077977
2077979
2077981
2077983
2077985
2077987
2077989
2077991
2077993
2077995
2077997
2077999
2078001
2078003
2078005
2078007
2078009
2078011
2078013
2078015
2078017
2078019
2078021
2078023
2078025
2078027
2078029
2078031
2078033
2078035
2078037
2078039
2078041
2078043
2078045
2078047
2078049
2078051
2078053
2078055
2078057
2078059
2078061
2078063
2078065
2078067
2078069
2078071
2078073
2078075
2078077
2078079
2078081
2078083
2078085
2078087
2078089
2078091
2078093
2078095
2078097
2078099
2078101
2078103
2078105
2078107
2078109
2078111
2078113
2078115
2078117
2078119
2078121
2078123
2078125
2078127
2078129
2078131
2078133
2078135
2078137
2078139
2078141
2078143
2078145
2078147
2078149
2078151
2078153
2078155
2078157
2078159
2078161
2078163
2078165
2078167
2078169
2078171
2078173
2078175
2078177
2078179
2078181
2078183
2078185
2078187
2078189
2078191
2078193
2078195
2078197
2078199
2078201
2078203
2078205
2078207
2078209
2078211
2078213
2078215
2078217
2078219
2078221
2078223
2078225
2078227
2078229
2078231
2078233
2078235
2078237
2078239
2078241
2078243
2078245
2078247
2078249
2078251
2078253
2078255
2078257
2078259
2078261
2078263
2078265
2078267
2078269
2078271
2078273
2078275
2078277
2080164
2080166
2080168
2080170
2080172
2080174
2080176
2080178
2080180
2080182
2080184
2080186
2080188
2080190
2080192
2080194
2080196
2080198
2080200
2080202
2080204
2080206
2080208
2080210
2080212
2080214
2080216
2080218
2080220
2080222
2080224
2080226
2080228
2080230
2080232
2080234
2080236
2080238
2080240
2080242
2080244
2080246
2080248
2080250
2080252
2080254
2080256
2080258
2080260
2080262
2080264
2080266
2080268
2080270
2080272
2080274
2080276
2080278
2080280
2080282
2080284
2080286
2080288
2080290
2080292
2080294
2080296
2080298
2080300
2080302
2080304
2080306
2080308
2080310
2080312
2080314
2080316
2080318
2080320
2080322
2080324
2080326
2080328
2080330
2080332
2080334
2080336
2080338
2080340
2080342
2080344
2080346
2080348
2080350
2080352
2080354
2080356
2080358
2080360
2080362
2080364
2080366
2080368
2080370
2080372
2080374
2080376
2080378
2080380
2080382
2080384
2080386
2080388
2080390
2080392
2080394
2080396
2080398
2080400
2080402
2080404
2080406
2080408
2080410
2080412
2080414
2080416
2080418
2080420
2080422
2080424
2080426
2080428
2080430
2080432
2080434
2080436
2080438
2080440
2080442
2080444
2080446
2080448
2080450
2080452
2080454
2080456
2080458
2080460
2080462
2080464
2080466
2080468
2080470
2080472
2080474
2080476
2080478
2080480
2080482
2080484
2080486
2080488
2080490
2080492
2080494
2080496
2080498
2080500
2080502
2080504
2080506
2080508
2080510
2080512
2080514
2080516
2080518
2080520
2080522
2080524
2080526
2080528
2080530
2080532
2080534
2080536
2080538
2080540
2080542
2080544
2080546
2080548
2080550
2080552
2080554
2080556
2080558
2080560
2080562
2080564
2080566
2080568
2080570
2080572
2080574
2080576
2080578
2080580
2080582
2080584
2080586
2080588
2080590
2080592
2080594
2080596
2080598
2080600
2080602
2080604
2080606
2080608
2080610
2080612
2080614
2080616
2080618
2080620
2080622
2080624
2080626
2080628
2080630
2080632
2080634
2080636
2080638
2080640
2080642
2080644
2080646
2080648
2080650
2080652
2080654
2080656
2080658
2080660
2080662
2080664
2080666
2080668
2080670
2080672
2080674
2080676
2080678
2080680
2080682
2080684
2080686
2080688
2080690
2080692
2080694
2080696
2080698
2080700
2080702
2080704
2080706
2080708
2080710
2080712
2080714
2080716
2080718
2080720
2080722
2080724
2080755
2080757
2080759
2080761
2080763
2080765
2080767
2080769
2080771
2080773
2080775
2080777
2080779
2080781
2080783
2080785
2080787
2080789
2080791
2080793
2080795
2080797
2080799
2080801
2080803
2080805
2080807
2080809
2080811
2080813
2080815
2080817
2080819
2080821
2080823
2080825
2080827
2080829
2080831
2080833
2080835
2080837
2080839
2080841
2080843
2080845
2080847
2080849
2080851
2080853
2080855
2080857
2080859
2080861
2080863
2080865
2080867
2080869
2080871
2080873
2080875
2080877
2080879
2080881
2080883
2080885
2080887
2080889
2080891
2080893
2080895
2080897
2080899
2080901
2080903
2080905
2080907
2080909
2080911
2080913
2080915
2080917
2080919
2080921
2080923
2080925
2080927
2080929
2080931
2080933
2080935
2080937
2080939
2080941
2080943
2080945
2080947
2080949
2080951
2080953
2080955
2080957
2080959
2080961
2080963
2080965
2080967
2080969
2080971
2080973
2080975
2080977
2080979
2080981
2080983
2080985
2080987
2080989
2080991
2080993
2080995
2080997
2080999
2081001
2081003
2081005
2081007
2081009
2081011
2081013
2081015
2081017
2081019
2081021
2081023
2081025
2081027
2081029
2081031
2081033
2081035
2081037
2081039
2081041
2081043
2081045
2081047
2081049
2081051
2081053
2081055
2081057
2081059
2081061
2081063
2081065
2081067
2081069
2081071
2081073
2081075
2081077
2081079
2081081
2081083
2081085
2081087
2081089
2081091
2081093
2081095
2081097
2081099
2081101
2081103
2081105
2081107
2081109
2081111
2081113
2081115
2081117
2081119
2081121
2081123
2081125
2081127
2081129
2081131
2081133
2081135
2081137
2081139
2081141
2081143
2081145
2081147
2081149
2081151
2081153
2081155
2081157
2081159
2081161
2081163
2081165
2081167
2081169
2081171
2081186
2081188
2081190
2081192
2081194
2081196
2081198
2081200
2081202
2081204
2081206
2081208
2081210
2081212
2081214
2081216
2081218
2081220
2081222
2081224
2081226
2081228
2081230
2081232
2081234
2081236
2081238
2081240
2081242
2081244
2081246
2081248
2081250
2081252
2081254
2081256
2081258
2081260
2081262
2081264
2081266
2081268
2081271
2081273
2081275
2081277
2081279
2081281
2081283
2081285
2081287
2081289
2081291
2081293
2081295
2081297
2081299
2081301
2081303
2081305
2081307
2081309
2081311
2081313
2081315
2081317
2081319
2081321
2081323
2081325
2081327
2081329
2081331
2081333
2081335
2081337
2081339
2081341
2081343
2081345
2081347
2081349
2081351
2081353
2081355
2081357
2081359
2081361
2081363
2081365
2081367
2081369
2081371
2081373
2081375
2081377
2081379
2081381
2081383
2081385
2081387
2081389
2081391
2081393
2081395
2081397
2081399
2081401
2081403
2081405
2081407
2081409
2081411
2081413
2081415
2081417
2081419
2081421
2081423
2081425
2081427
2081429
2081431
2081433
2081435
2081437
2081439
2081441
2081443
2081445
2081447
2081449
2081451
2081453
2081455
2081457
2081459
2081461
2081463
2081465
2081467
2081469
2081471
2081473
2081475
2081477
2081479
2081481
2081483
2081485
2081487
2081489
2081491
2081493
2081495
2081497
2081499
2081501
2081503
2081505
2081507
2081509
2081511
2081513
2081515
2081517
2081519
2081521
2081523
2081525
2081527
2108908
2117459
2117492
2117544
2117573
2117587
2117700
2117735
2117769
2117802
2117840
2117878
2117909
2117931
2117957
2117981
2118003
2118033
2118084
2118118
2118146
2118164
2118203
2118230
2118257
2118282
2118303
2118349
2118375
2118433
2118467
2118513
2118543
2118573
2118602
2118627
2118653
2118679
2118703
2118737
2118755
2118776
2118796
2118820
2118840
2118864
2118885
2118908
2118933
2118958
2118981
2119003
2119024
2119047
2119072
2119098
2119125
2119144
2119169
2119190
2119222
2119235
2119259
2119282
2119304
2119331
2119351
2119376
2119398
2119423
2119443
2119466
2119488
2119513
2119541
2119571
2119592
2119615
2119645
2119677
2119712
2119742
2119772
2119802
2119836
2119865
2119897
2119928
2119958
2119988
2120021
2120060
2120096
2120129
2120160
2120192
2120221
2120249
2120282
2120318
2120351
2120386
2120418
2120450
2120480
2120512
2124111
2124232
2124367
2124485
2124615
2124630
2124737
2124996
2125147
2125196
2125321
2125482
2125515
2125622
2125738
2125869
2125997
2126104
2126211
2136871
2136873
2136875
2136877
2136879
2136881
2136883
2136886
2136888
2136890
2136892
2136894
2136896
2136898
2136900
2136902
2136904
2136906
2136908
2136910
2136912
2136914
2136916
2136919
2136921
2136923
2136925
2136927
2136929
2136931
2136933
2136935
2136937
2136939
2136941
2136943
2136945
2136947
2136949
2136951
2136953
2136955
2136957
2136959
2136961
2136963
2136965
2136968
2136970
2136972
2136974
2136976
2136978
2136980
2136982
2136984
2136986
2136988
2136990
2136992
2136994
2136996
2136998
2137000
2137002
2137004
2137006
2137008
2137010
2137012
2137014
2137016
2137020
2137022
2137024
2137026
2137028
2137030
2137032
2137034
2137036
2137038
2137040
2137042
2137044
2137046
2137048
2137050
2137052
2137054
2137056
2137058
2137060
2137062
2137064
2137066
2137068
2137070
2137072
2137074
2137076
2137078
2137080
2137082
2137084
2137086
2137088
2137090
2137092
2137094
2137096
2137098
2137100
2137102
2137104
2137106
2137108
2137110
2137112
2137114
2137116
2137118
2137120
2137122
2137124
2137126
2137128
2137130
2137133
2137135
2137137
2137139
2137141
2137144
2137146
2137148
2137150
2137152
2137154
2137157
2137159
2137161
2137163
2137165
2137167
2137169
2137171
2137173
2137175
2137177
2137179
2137181
2137183
2137185
2137187
2137189
2137191
2137193
2137195
2137197
2137199
2137201
2137203
2137205
2137207
2137209
2137211
2137213
2137215
2137217
2137219
2137221
2137223
2137225
2137227
2137229
2137231
2137233
2137235
2137237
2137239
2137241
2137243
2137245
2137247
2137249
2137251
2137253
2137255
2137257
2137259
2137261
2137263
2137265
2137267
2137269
2137271
2137273
2137275
2137277
2137279
2137281
2137283
2137285
2137287
2137289
2137291
2137293
2137295
2137297
2137299
2137301
2137303
2137305
2137307
2137309
2137311
2137313
2137315
2137317
2137319
2137321
2137323
2137325
2137327
2137329
2137331
2137333
2137335
2137337
2137339
2137341
2137343
2137345
2137347
2137349
2137351
2137353
2137355
2137357
2137359
2137361
2137363
2137365
2137367
2137369
2137371
2137373
2137375
2137377
2137379
2137381
2137383
2137385
2137387
2137389
2137393
2137395
2137397
2137399
2137401
2137403
2137405
2137407
2137409
2137411
2137413
2137415
2137417
2137419
2137421
2137423
2137425
2137427
2137429
2137431
2137433
2137435
2137437
2137439
2137441
2137443
2137445
2137447
2137449
2137451
2137453
2137455
2137457
2137459
2137461
2137463
2137465
2137467
2137469
2137471
2137473
2137475
2137477
2137479
2137483
2137485
2137487
2137489
2137491
2137493
2137495
2137497
2137499
2137501
2137503
2137505
2137507
2137509
2137511
2137513
2137515
2137517
2137519
2137521
2137523
2137525
2137527
2137529
2137531
2137533
2137535
2137537
2137539
2137541
2137543
2137545
2137547
2137549
2137551
2137553
2137555
2137557
2137559
2137561
2137563
2137565
2137567
2137569
2137571
2137573
2137575
2137577
2137579
2137581
2137583
2137585
2137587
2137589
2137591
2137593
2137595
2137597
2137599
2137601
2137603
2137605
2137607
2137609
2137611
2137613
2137615
2137617
2137619
2137621
2137623
2137626
2137628
2137630
2137632
2137634
2137636
2137638
2137640
2137642
2137644
2137646
2137648
2137650
2137652
2137654
2137656
2137658
2137660
2137662
2137664
2137666
2137668
2137670
2137672
2137674
2137676
2137678
2137680
2137682
2137684
2137686
2137688
2137690
2137692
2137694
2137696
2137698
2137700
2137702
2137704
2137706
2137708
2137710
2137712
2137714
2137716
2137718
2137720
2137722
2137724
2137726
2137728
2137730
2137732
2137734
2137736
2137738
2137740
2137742
2137744
2137746
2137748
2137750
2137752
2137754
2137756
2137758
2137760
2137762
2137764
2137766
2137768
2137770
2137772
2137774
2137776
2137778
2137780
2137782
2137784
2137786
2137788
2137790
2137792
2137794
2137796
2137798
2137800
2137802
2137804
2137806
2137808
2137810
2137812
2137814
2137816
2137818
2137820
2137822
2137824
2137826
2137828
2137830
2137832
2137834
2137836
2137838
2137841
2137843
2137845
2137847
2137849
2137851
2137853
2137855
2137857
2137859
2137861
2137863
2137865
2137867
2137869
2137871
2137873
2137875
2137877
2137879
