2124111
2124232
2124367
2124485
2124615
2124630
2124737
2124996
2125147
2125196
2125321
2125482
2125515
2125622
2125738
2125869
2125997
2126104
2126211
2117459
2055444
2055455
2117492
2055476
2055552
2055618
2055643
2055658
2055675
2055695
2055717
2055770
2055826
2055978
2056008
2117544
2056028
2056055
2056093
2056111
2056160
2056213
2117573
2117587
2056274
2056341
2056401
2056478
2056534
2056649
2056675
2056739
2056792
2056843
2056856
2056864
2056900
2108908
2117700
2136871
2117735
2117769
2117802
2117840
2117878
2117909
2117931
2117957
2117981
2118003
2118033
2118084
2118118
2118146
2118164
2118203
2118230
2118257
2118282
2118303
2118349
2118375
2080530
2080532
2080534
2080536
2080538
2080540
2080542
2080544
2080546
2080548
2080550
2080552
2080554
2080556
2080558
2080560
2080562
2080564
2080566
2080568
2080570
2080572
2080574
2080576
2080578
2080580
2080582
2080584
2080586
2080588
2080590
2080592
2080594
2080596
2080598
2080600
2080602
2080604
2080606
2080608
2080610
2080612
2080614
2080616
2080618
2080620
2080622
2080624
2080626
2080628
2080630
2080632
2080634
2080636
2080638
2080640
2080642
2080644
2080646
2080648
2080650
2080652
2080654
2080656
2080658
2080660
2080662
2080664
2080666
2080668
2080670
2080672
2080674
2080676
2080678
2080680
2080682
2080684
2080686
2080688
2080690
2080692
2080694
2080696
2080698
2080700
2080702
2080704
2080706
2080708
2080710
2080712
2080714
2080716
2080718
2080720
2080722
2080724
2118433
2118467
2118513
2118543
2118573
2118602
2118627
2118653
2118679
2118703
2118737
2118755
2118776
2118796
2118820
2118840
2118864
2118885
2118908
2118933
2118958
2118981
2119003
2119024
2119047
2119072
2119098
2119125
2119144
2119169
2119190
2119222
2119235
2119259
2119282
2119304
2119331
2119351
2119376
2119398
2119423
2119443
2119466
2119513
2119541
2119571
2119592
2119615
2119645
2119677
2119712
2119742
2136873
2136875
2136877
2136879
2136881
2136883
2136886
2136888
2136890
2136892
2136894
2136896
2136898
2136900
2137175
2137177
2137179
2137181
2137183
2137185
2137187
2137189
2137191
2137193
2137195
2137197
2137199
2137201
2137203
2137205
2137207
2137209
2137211
2137213
2137215
2137217
2137219
2137221
2137223
2137225
2137227
2137229
2137231
2137233
2137235
2137237
2137239
2137241
2137243
2137245
2137247
2137249
2137251
2137253
2137255
2137257
2137259
2137261
2137263
2137265
2137267
2137269
2137271
2137273
2137275
2137277
2137279
2137281
2137283
2137285
2137287
2137289
2137291
2137293
2137295
2137297
2137299
2137301
2137303
2137305
2137307
2137309
2137311
2137313
2137315
2137317
2137319
2137321
2137323
2137325
2137327
2137329
2137331
2137333
2137335
2137337
2137339
2137341
2137343
2137345
2137347
2137349
2137351
2137353
2137355
2137357
2137359
2137361
2137363
2137365
2137367
2137369
2137371
2137373
2137375
2137377
2137379
2137381
2137383
2137385
2137387
2137389
2137393
2137395
2137397
2137399
2137401
2137403
2137405
2137407
2137409
2137411
2137413
2137415
2137417
2137419
2137421
2137423
2137425
2137427
2137429
2137431
2137433
2137435
2137437
2137439
2137441
2137443
2137445
2137447
2137449
2137451
2137453
2137455
2137457
2137459
2137461
2137463
2137465
2137467
2137469
2137471
2137473
2137475
2137477
2137479
2137483
2137485
2137487
2137489
2137491
2137493
2137495
2137497
2137499
2137501
2137503
2137505
2137507
2137509
2137511
2137513
2137515
2137517
2137519
2137521
2137523
2137525
2137527
2137529
2137531
2137533
2137535
2137537
2137539
2137541
2137543
2137545
2137547
2137549
2137551
2137553
2137555
2137557
2137559
2137561
2137563
2137565
2137567
2137569
2137571
2137573
2137575
2137577
2137579
2137581
2137583
2137585
2137587
2137589
2137591
2137593
2137595
2137597
2137599
2137601
2137603
2137605
2137607
2137609
2137611
2137613
2137615
2137617
2137619
2137621
2137623
2137626
2137628
2137630
2137632
2137634
2137636
2137638
2137640
2137642
2137644
2137646
2137648
2137650
2137652
2137654
2137656
2137658
2137660
2137662
2137664
2137666
2137668
2137670
2137672
2137674
2137676
2137678
2137680
2137682
2137684
2137686
2137688
2137690
2137692
2137694
2137696
2137698
2137700
2137702
2137704
2137706
2137708
2137710
2137712
2137714
2137716
2137718
2137720
2137722
2137724
2137726
2137728
2137730
2137732
2137734
2137736
2137738
2137740
2137742
2137744
2137746
2137748
2137750
2137752
2137754
2137756
2137758
2137760
2137762
2137764
2137766
2137768
2137770
2137772
2137774
2137776
2137778
2137780
2137782
2137784
2137786
2137788
2137790
2137792
2137794
2137796
2137798
2137800
2137802
2137804
2137806
2137808
2137810
2137812
2137814
2137816
2137818
2137820
2137822
2137824
2137826
2137828
2137830
2137832
2137834
2137836
2137838
2137841
2137843
2137845
2137847
2137849
2137851
2137853
2137855
2137857
2137859
2137861
2137863
2137865
2137867
2137869
2137871
2137873
2137875
2137877
2137879
2119488
2119772
2119802
2119836
2119865
2119897
2119928
2119958
2119988
2120021
2120060
2120096
2120129
2120160
2120192
2120221
2120249
2120282
2120318
2120351
2120386
2120418
2120450
2120480
2120512
2136902
2136904
2136906
2136908
2136910
2136912
2136914
2136916
2136919
2136921
2136923
2136925
2136927
2136929
2136931
2136933
2136935
2136937
2136939
2136941
2136943
2136945
2136947
2136949
2136951
2136953
2136955
2136957
2136959
2136961
2136963
2136965
2136968
2136970
2136972
2136974
2136976
2136978
2136980
2136982
2136984
2136986
2136988
2136990
2136992
2136994
2136996
2136998
2137000
2137002
2137004
2137006
2137008
2137010
2137012
2137014
2137016
2137020
2137022
2137024
2137026
2137028
2137030
2137032
2137034
2137036
2137038
2137040
2137042
2137044
2137046
2137048
2137050
2137052
2137054
2137056
2137058
2137060
2137062
2137064
2137066
2137068
2137070
2137072
2137074
2137076
2137078
2137080
2137082
2137084
2137086
2137088
2137090
2137092
2137094
2137096
2137098
2137100
2137102
2137104
2137106
2137108
2137110
2137112
2137114
2137116
2137118
2137120
2137122
2137124
2137126
2137128
2137130
2137133
2137135
2137137
2137139
2137141
2137144
2137146
2137148
2137150
2137152
2137154
2137157
2137159
2137161
2137163
2137165
2137167
2137169
2137171
2137173
